-1.073643844574689865e-02
3.072675503790378571e-02
1.668584346771240234e-02
-4.228849336504936218e-02
-3.065859898924827576e-02
-3.164018318057060242e-02
6.983757019042968750e-02
-8.330025523900985718e-02
9.428990632295608521e-02
1.130737438797950745e-01
-3.594598174095153809e-02
4.030146822333335876e-02
1.264913566410541534e-02
5.583009868860244751e-02
4.423180967569351196e-02
-7.629225403070449829e-02
4.036149382591247559e-02
4.746958240866661072e-02
-4.367715865373611450e-02
-1.455396786332130432e-02
4.740179702639579773e-02
1.392898801714181900e-02
-1.777983456850051880e-01
-8.556169271469116211e-02
8.644428104162216187e-03
3.776972647756338120e-03
1.055503357201814651e-02
-8.062696456909179688e-02
5.133013054728507996e-02
6.438888609409332275e-02
5.008036736398935318e-03
9.135337173938751221e-02
3.074853122234344482e-02
-7.069548964500427246e-02
-8.016401529312133789e-02
6.252575665712356567e-03
9.779100120067596436e-02
-5.589326098561286926e-02
4.484384134411811829e-02
-4.464977979660034180e-02
4.304767027497291565e-02
8.309472352266311646e-02
7.392507046461105347e-02
-6.066412106156349182e-02
1.012499909847974777e-02
-1.306047756224870682e-02
5.687000975012779236e-02
3.756674472242593765e-03
6.924727559089660645e-02
2.842584066092967987e-02
3.507843241095542908e-02
-2.892956696450710297e-02
9.633547626435756683e-03
-5.366138368844985962e-02
-7.949671894311904907e-02
-3.091637231409549713e-02
3.898586705327033997e-02
6.037091463804244995e-02
4.488801583647727966e-03
-4.354806616902351379e-02
7.169215381145477295e-02
-7.557985186576843262e-02
4.659588634967803955e-02
1.006824672222137451e-01
4.165125545114278793e-03
-8.244185149669647217e-02
-8.863594383001327515e-02
-8.715347945690155029e-02
6.903588026762008667e-02
2.480809576809406281e-02
4.291286692023277283e-02
-8.843308687210083008e-02
5.096578225493431091e-02
-3.078361228108406067e-02
1.430161446332931519e-01
7.104494422674179077e-02
-7.354404777288436890e-02
-6.411166489124298096e-02
-9.470966458320617676e-02
-1.433501020073890686e-02
5.327884107828140259e-02
-3.657045215368270874e-02
7.170576602220535278e-02
4.670244455337524414e-02
-1.041052863001823425e-02
-6.007133983075618744e-03
-1.316551119089126587e-02
-3.244202956557273865e-02
-2.578103914856910706e-02
-3.153242170810699463e-02
4.413213208317756653e-02
1.308544576168060303e-01
-2.226978912949562073e-02
1.187899895012378693e-02
8.854543417692184448e-02
-6.455737352371215820e-02
-5.175599455833435059e-02
2.187352068722248077e-02
7.036417722702026367e-02
6.894469261169433594e-02
1.663244143128395081e-02
-7.030787318944931030e-02
4.691460728645324707e-02
4.630167782306671143e-02
-4.968238249421119690e-02
2.054686471819877625e-02
1.528882831335067749e-01
5.777521803975105286e-02
-3.031793422996997833e-02
1.498420443385839462e-02
-4.325218498706817627e-02
-7.836263626813888550e-02
-8.138392865657806396e-02
-7.332880795001983643e-02
-1.337353419512510300e-02
-1.154781598597764969e-02
-4.608584940433502197e-02
-4.160947725176811218e-02
-8.869992196559906006e-02
6.286345422267913818e-02
-3.457019478082656860e-02
-7.526633888483047485e-02
5.321613047271966934e-03
6.393062323331832886e-02
4.478664696216583252e-02
-5.551373958587646484e-02
-3.167749196290969849e-02
2.389254234731197357e-02
-2.006572904065251350e-03
-9.136014431715011597e-02
-1.973007433116436005e-02
2.119874954223632812e-02
-1.901411334984004498e-03
1.072125881910324097e-01
2.419798076152801514e-02
-8.894294500350952148e-03
8.929379284381866455e-02
-2.578365430235862732e-02
4.928306490182876587e-02
-1.262157573364675045e-03
-6.664341781288385391e-03
-3.237282112240791321e-02
6.400549411773681641e-02
6.643527001142501831e-02
-1.472744438797235489e-02
2.528767660260200500e-02
-6.726696342229843140e-02
9.680312126874923706e-02
-4.996860865503549576e-03
-7.828158140182495117e-02
3.836209699511528015e-02
-4.088693112134933472e-02
2.082869783043861389e-02
-8.171335607767105103e-02
3.578640893101692200e-02
3.513151407241821289e-02
3.821373358368873596e-02
1.724681258201599121e-02
2.103324607014656067e-02
-4.948250949382781982e-02
1.344998925924301147e-01
-8.689562231302261353e-02
2.942806296050548553e-02
2.185206860303878784e-02
1.238436326384544373e-01
1.031401082873344421e-01
-6.480848044157028198e-02
-2.026004157960414886e-02
1.568164676427841187e-02
1.681413501501083374e-02
9.607817977666854858e-02
8.976849168539047241e-02
6.603774614632129669e-03
6.807822734117507935e-02
-6.071994453668594360e-02
2.787689119577407837e-02
-6.827239692211151123e-02
-3.944408521056175232e-02
-7.010806351900100708e-02
5.961436405777931213e-02
-1.620266027748584747e-02
3.591334819793701172e-02
-3.809962421655654907e-02
3.965524211525917053e-02
1.361215021461248398e-02
-5.429914593696594238e-02
2.144862525165081024e-02
-5.563942715525627136e-02
5.818698555231094360e-02
4.392545670270919800e-02
6.923656165599822998e-02
4.590591788291931152e-02
-1.316685676574707031e-01
7.337701320648193359e-02
-2.020569331943988800e-02
-1.242137029767036438e-01
-2.793183736503124237e-02
5.597634240984916687e-02
1.049200221896171570e-01
2.042232779785990715e-03
-1.779557578265666962e-02
-1.499767899513244629e-01
-8.723837137222290039e-02
-8.401412516832351685e-03
-1.084938645362854004e-02
-8.083620667457580566e-02
6.181323435157537460e-03
1.141049861907958984e-01
-7.030527573078870773e-03
-2.614169009029865265e-02
-6.088556349277496338e-02
6.119143962860107422e-02
-2.320542372763156891e-02
-3.676382452249526978e-02
-1.130041666328907013e-02
8.929904550313949585e-02
-4.143601283431053162e-02
7.431028038263320923e-02
-5.864282324910163879e-02
2.111473679542541504e-02
4.530978202819824219e-02
2.227630466222763062e-02
5.774067831225693226e-04
1.248816493898630142e-02
9.806268662214279175e-02
-2.003768226131796837e-03
6.387606263160705566e-02
-9.042330831289291382e-02
-2.427089493721723557e-03
-1.428643520921468735e-02
-5.450027063488960266e-02
-1.037106141448020935e-01
-2.718091011047363281e-02
-6.258327513933181763e-03
-7.023452781140804291e-03
-4.663092643022537231e-02
3.054988943040370941e-02
-7.783199101686477661e-02
-5.066384747624397278e-02
9.605414420366287231e-02
1.294457763433456421e-01
8.011997491121292114e-02
4.037329927086830139e-02
1.455205492675304413e-02
1.460802741348743439e-03
6.545865535736083984e-02
-2.932913228869438171e-02
-1.555067598819732666e-01
3.572555631399154663e-02
2.320741862058639526e-02
2.732107043266296387e-02
1.672473698854446411e-01
-3.405675292015075684e-02
-4.745030030608177185e-02
4.922903329133987427e-02
-3.790488094091415405e-02
