1.369612198323011398e-02
-3.687114268541336060e-02
-2.220259420573711395e-02
4.094471409916877747e-02
5.970239639282226562e-02
5.028558894991874695e-02
-6.364221125841140747e-02
9.218715876340866089e-02
-9.448995441198348999e-02
-9.104543179273605347e-02
8.325474336743354797e-03
-6.000092625617980957e-02
-4.882894922047853470e-03
-4.955475404858589172e-02
-4.293769225478172302e-02
6.624042242765426636e-02
-3.713915124535560608e-02
-6.097690388560295105e-02
2.936273999512195587e-02
2.054904587566852570e-02
-6.127842143177986145e-02
1.927834935486316681e-02
1.798569113016128540e-01
8.550339192152023315e-02
-3.435661317780613899e-03
-2.337140589952468872e-02
7.733129430562257767e-03
7.584902644157409668e-02
-3.474477306008338928e-02
-5.664910376071929932e-02
3.345084143802523613e-03
-7.907954603433609009e-02
-4.015165194869041443e-02
6.838069111108779907e-02
8.215553313493728638e-02
-1.736734621226787567e-02
-1.017544195055961609e-01
6.111707910895347595e-02
-3.292797133326530457e-02
5.905888974666595459e-02
-4.093271866440773010e-02
-9.838437288999557495e-02
-8.000159263610839844e-02
4.742589220404624939e-02
-3.363412991166114807e-02
2.601665444672107697e-02
-5.303978547453880310e-02
-1.932865567505359650e-02
-6.698412448167800903e-02
-3.165436163544654846e-02
-5.453944578766822815e-02
2.939238585531711578e-02
3.346643934492021799e-04
2.893687598407268524e-02
7.518083602190017700e-02
1.941667124629020691e-02
-4.493254050612449646e-02
-6.727582961320877075e-02
-1.884306408464908600e-02
3.832811117172241211e-02
-6.177247688174247742e-02
8.672081679105758667e-02
-4.239283874630928040e-02
-7.407858222723007202e-02
2.436761371791362762e-02
9.940139204263687134e-02
1.045506596565246582e-01
9.016320854425430298e-02
-6.866744160652160645e-02
-4.934173822402954102e-02
-4.178711771965026855e-02
6.433483213186264038e-02
-4.417688772082328796e-02
5.185058340430259705e-02
-1.332060396671295166e-01
-7.092318683862686157e-02
6.092683598399162292e-02
9.215337783098220825e-02
8.255250006914138794e-02
8.868426084518432617e-03
-4.980472847819328308e-02
2.473681606352329254e-02
-6.415718048810958862e-02
-4.061640426516532898e-02
7.135509513318538666e-04
-8.457885123789310455e-03
-1.335743814706802368e-03
2.435977756977081299e-02
4.338881373405456543e-02
4.807764291763305664e-02
-5.701418593525886536e-02
-1.321610361337661743e-01
2.389692328870296478e-02
-1.588982716202735901e-02
-9.942188858985900879e-02
7.025377452373504639e-02
3.728173300623893738e-02
-1.964918896555900574e-02
-5.055604502558708191e-02
-6.886927783489227295e-02
-1.870928145945072174e-02
6.087087094783782959e-02
-6.839095801115036011e-02
-6.230352818965911865e-02
5.682456865906715393e-02
-5.838369484990835190e-03
-1.467822194099426270e-01
-3.623744472861289978e-02
2.498064748942852020e-02
-1.265646610409021378e-02
4.126620665192604065e-02
7.361464947462081909e-02
8.286646753549575806e-02
9.557697921991348267e-02
2.934283949434757233e-02
9.141942486166954041e-03
5.010432377457618713e-02
5.094185471534729004e-02
6.477842479944229126e-02
-1.054710447788238525e-01
3.357744216918945312e-02
6.251329183578491211e-02
-3.732054727151989937e-03
-4.772556945681571960e-02
-3.908338025212287903e-02
9.159534424543380737e-02
2.621430717408657074e-02
-1.590279117226600647e-02
-1.821843179641291499e-04
8.247502893209457397e-02
3.830469772219657898e-02
-7.685760036110877991e-03
2.181460848078131676e-03
-1.124417483806610107e-01
-2.441505342721939087e-02
4.063339903950691223e-03
-7.920563966035842896e-02
2.119250036776065826e-02
-5.278381332755088806e-02
1.861015148460865021e-02
-1.367264706641435623e-02
4.686608538031578064e-02
-9.043881297111511230e-02
-7.479681074619293213e-02
4.284417256712913513e-02
-3.478658944368362427e-02
5.623494461178779602e-02
-9.931670874357223511e-02
-9.755410719662904739e-04
6.293249875307083130e-02
-4.173443093895912170e-02
3.410901501774787903e-02
-2.200573496520519257e-02
5.485709011554718018e-02
-4.388894140720367432e-02
-3.130489215254783630e-02
-2.662838064134120941e-02
-4.222145304083824158e-03
-8.392368908971548080e-04
6.312684714794158936e-02
-1.511430293321609497e-01
8.580211549997329712e-02
-5.120119452476501465e-02
-4.274335503578186035e-02
-9.967557340860366821e-02
-1.041953340172767639e-01
6.778673827648162842e-02
9.538625366985797882e-03
-1.714052818715572357e-02
-2.043362893164157867e-02
-1.273495554924011230e-01
-1.032600700855255127e-01
-1.310332119464874268e-02
-6.506400555372238159e-02
6.674271821975708008e-02
-4.313542321324348450e-02
4.506759345531463623e-02
3.588348999619483948e-02
8.508563041687011719e-02
-5.728387460112571716e-02
1.267858967185020447e-02
-2.345954068005084991e-02
3.872328624129295349e-02
-4.075923189520835876e-02
-4.572907055262476206e-04
5.532322451472282410e-02
-2.543361298739910126e-02
4.786890372633934021e-02
-5.098220333456993103e-02
-3.194379806518554688e-02
-5.605161190032958984e-02
-6.339180469512939453e-02
1.213841140270233154e-01
-7.057773321866989136e-02
2.272255532443523407e-02
9.910568594932556152e-02
3.219241276383399963e-02
-5.227294191718101501e-02
-8.895825594663619995e-02
6.528989877551794052e-03
2.589382976293563843e-02
1.410153657197952271e-01
1.062729731202125549e-01
7.467961404472589493e-03
-5.449445452541112900e-03
7.111776620149612427e-02
1.538456068374216557e-03
-1.301112323999404907e-01
1.535965036600828171e-02
3.095095045864582062e-02
7.719751447439193726e-02
-4.424636065959930420e-02
2.828548103570938110e-02
5.712074041366577148e-02
4.020209982991218567e-02
-9.760627895593643188e-02
3.160769492387771606e-02
-7.151570916175842285e-02
5.620450899004936218e-02
-3.247755765914916992e-02
-5.974776670336723328e-02
-2.360653318464756012e-02
-1.712929643690586090e-02
-2.204411290585994720e-02
-7.634979486465454102e-02
5.067998543381690979e-03
-5.561476573348045349e-02
8.918400853872299194e-02
-8.823676966130733490e-03
-1.786691602319478989e-03
4.672527685761451721e-02
8.580762147903442383e-02
2.011859044432640076e-02
-5.371484439820051193e-03
2.120519429445266724e-02
3.362629562616348267e-02
-2.439971081912517548e-02
6.360814720392227173e-02
3.277314826846122742e-02
-8.847752958536148071e-02
-1.239484846591949463e-01
-1.085832640528678894e-01
-3.038040548563003540e-02
-3.110221028327941895e-02
-5.888186395168304443e-03
-4.936595633625984192e-02
4.156253486871719360e-02
1.365609019994735718e-01
-4.620673879981040955e-02
2.159463940188288689e-03
-5.109824240207672119e-02
-1.696282029151916504e-01
2.315952628850936890e-02
5.772529169917106628e-02
-5.018751323223114014e-02
6.058954820036888123e-02
